##fastqc-rs	0.3.4
>>Basic Statistics	pass
#Measure	Value	
Filename	example_small.fastq
Total Sequences	200
Filtered Sequences	0	
Sequence length	101
%GC	46.15999984741211
>>END_MODULE
>>Per base sequence quality	pass
#Base	Mean	Median	Lower Quartile	Upper Quartile	10th Percentile	90th Percentile
0	30.135	33	26.5	38.5	31	34
61	35.99	38	26.875	47.875	34.75	40
55	37.55	39	30	46	36	40
49	37.21	39	30	46	36	40
43	37.775	40	35	43	38	40
37	38	40	35	43	38	40
98	31.55	34	27.5	39.5	32	35
31	38.795	40	33.5	45.5	38	41
92	31.835	35	27.5	39.5	32	35
25	38.2	40	33.5	45.5	38	41
86	31.815	35	30	38	33	35
19	38.425	40	33.5	45.5	38	41
80	32.61	35	26	42	32	36
13	38.94	40	33.5	45.5	38	41
74	30.83	35	24.5	44.5	32	37
7	35.4	36	32	40	35	37
68	35.91	36	26.5	46.5	34	39
1	31.21	34	26.5	38.5	31	34
62	36.145	38	26.875	47.875	34.75	40
56	37.59	39	30	46	36	40
50	37.425	39	27.875	48.875	35.75	41
44	37.565	40	31	47	37	41
38	37.64	40	32.875	45.875	37.75	41
99	31.25	34	27.5	39.5	32	35
32	38.29	40	33.5	45.5	38	41
93	31.05	34	27.5	39.5	32	35
26	37.855	40	35	43	38	40
87	31.915	35	27.5	39.5	32	35
20	38.625	40	33.5	45.5	38	41
81	32.76	35	28.5	40.5	33	36
14	38.965	40	33.5	45.5	38	41
75	31.06	35	21.375	46.375	30.75	37
8	37.625	39	34	42	37	39
69	33.7	36	26.5	46.5	34	39
2	32.015	34	26.5	38.5	31	34
63	36.25	38	27.5	47.5	35	40
57	37.35	39	30	46	36	40
51	37.53	39	28.5	48.5	36	41
45	37.45	40	28.5	48.5	36	41
39	37.895	40	35	43	38	40
100	31.105	34	25	41	31	35
33	38.245	40	33.5	45.5	38	41
94	30.775	34	27.5	39.5	32	35
27	38.44	40	33.5	45.5	38	41
88	32.065	35	30	38	33	35
21	38.445	40	35	43	38	40
82	31.525	35	29.625	38.625	33	35.25
15	38.725	40	33.5	45.5	38	41
76	30.265	35	21.375	46.375	30.75	37
9	37.36	39	34	42	37	39
70	33.565	35	28	44	34	38
3	35.69	37	32	40	35	37
64	36.095	37	27.5	47.5	35	40
58	36.77	38	27.5	47.5	35	40
52	37.77	39	32.5	44.5	37	40
46	37.79	39.5	31	47	37	41
40	37.95	40	34.375	43.375	37.75	40
34	38.205	40	32.875	45.875	37.75	41
95	31.425	34	27.5	39.5	32	35
28	38.445	40	33.5	45.5	38	41
89	32.44	35	30	38	33	35
22	38.41	40	33.5	45.5	38	41
83	32.03	35	30	38	33	35
16	38.48	40	33.5	45.5	38	41
77	30.805	35	21	45	30	36
10	37.675	39	34	42	37	39
71	33.005	35	25.5	45.5	33	38
4	35.68	37	32	40	35	37
65	35.995	37	29	45	35	39
59	36.08	38	27.5	47.5	35	40
53	37.845	39	32.125	45.125	37	40.25
47	37.665	39	31	47	37	41
41	37.87	40	31	47	37	41
35	38.385	40	33.5	45.5	38	41
96	31.315	34	27.5	39.5	32	35
29	38.595	40	33.5	45.5	38	41
90	32.275	34.5	30	38	33	35
23	38.635	40	33.5	45.5	38	41
84	32.415	35	30	38	33	35
17	38.505	40	33.5	45.5	38	41
78	31.46	35	23.5	43.5	31	36
11	37.71	39	34	42	37	39
72	33.265	35	27	43	33	37
5	35.095	35	32	40	35	37
66	35.875	37	29	45	35	39
60	35.985	38	27.5	47.5	35	40
54	37.59	39.5	28.5	48.5	36	41
48	37.61	40	28.5	48.5	36	41
42	37.78	40	32.5	44.5	37	40
36	38.11	40	35	43	38	40
97	30.67	34	25	41	31	35
30	38.245	40	35	43	38	40
91	32.665	35	27.5	39.5	32	35
24	38.265	40	33.5	45.5	38	41
85	32.195	35	29.375	38.375	32.75	35
18	38.47	40	33.5	45.5	38	41
79	32.46	35	25.375	42.375	31.75	36
12	37.5	39	34	42	37	39
73	32.68	35	27	43	33	37
6	35.145	35	32	40	35	37
67	35.96	36.5	26.5	46.5	34	39
>>END_MODULE
>>Per sequence quality scores	pass
#Quality	Count
32	5
29	3
26	7
23	1
20	1
37	49
34	9
31	5
28	1
25	1
39	6
36	33
33	10
30	6
27	5
24	1
38	41
35	16
>>END_MODULE
>>Per base sequence content	pass
#Base	G	A	T	C
0	0.24	0.21	0.23	0.255
1	0.2	0.24	0.305	0.255
10	0.18	0.285	0.27	0.265
100	0.21	0.32	0.3	0.17
11	0.24	0.275	0.255	0.23
12	0.275	0.25	0.265	0.21
13	0.235	0.275	0.255	0.235
14	0.21	0.215	0.26	0.315
15	0.195	0.26	0.27	0.275
16	0.24	0.275	0.28	0.205
17	0.21	0.265	0.295	0.23
18	0.25	0.3	0.25	0.2
19	0.18	0.29	0.265	0.265
2	0.215	0.285	0.245	0.255
20	0.235	0.215	0.27	0.28
21	0.255	0.22	0.265	0.26
22	0.2	0.325	0.25	0.225
23	0.25	0.22	0.26	0.27
24	0.175	0.34	0.235	0.25
25	0.215	0.27	0.28	0.235
26	0.205	0.2	0.27	0.325
27	0.21	0.3	0.26	0.23
28	0.17	0.29	0.27	0.27
29	0.245	0.175	0.325	0.255
3	0.26	0.225	0.275	0.24
30	0.21	0.25	0.3	0.24
31	0.225	0.26	0.24	0.275
32	0.22	0.265	0.325	0.19
33	0.325	0.25	0.22	0.205
34	0.205	0.31	0.245	0.24
35	0.245	0.225	0.27	0.26
36	0.27	0.215	0.29	0.225
37	0.265	0.23	0.3	0.205
38	0.225	0.3	0.22	0.255
39	0.22	0.26	0.315	0.205
4	0.23	0.285	0.26	0.225
40	0.225	0.32	0.215	0.24
41	0.25	0.28	0.245	0.225
42	0.22	0.31	0.23	0.24
43	0.245	0.23	0.32	0.205
44	0.27	0.245	0.26	0.225
45	0.23	0.215	0.28	0.275
46	0.21	0.28	0.31	0.2
47	0.305	0.22	0.26	0.215
48	0.16	0.3	0.27	0.27
49	0.23	0.245	0.26	0.265
5	0.195	0.29	0.28	0.235
50	0.245	0.255	0.275	0.225
51	0.25	0.235	0.28	0.235
52	0.19	0.25	0.325	0.235
53	0.22	0.25	0.245	0.285
54	0.26	0.265	0.215	0.26
55	0.19	0.34	0.275	0.195
56	0.25	0.265	0.285	0.2
57	0.255	0.25	0.285	0.21
58	0.21	0.26	0.31	0.22
59	0.28	0.255	0.205	0.23
6	0.235	0.24	0.275	0.25
60	0.27	0.31	0.205	0.215
61	0.255	0.28	0.27	0.195
62	0.245	0.265	0.26	0.23
63	0.225	0.26	0.28	0.235
64	0.275	0.31	0.255	0.16
65	0.24	0.23	0.27	0.26
66	0.23	0.29	0.28	0.2
67	0.245	0.31	0.26	0.185
68	0.26	0.235	0.23	0.275
69	0.25	0.2	0.265	0.235
7	0.3	0.205	0.275	0.22
70	0.24	0.24	0.255	0.265
71	0.23	0.275	0.225	0.22
72	0.2	0.28	0.265	0.23
73	0.27	0.205	0.245	0.23
74	0.21	0.21	0.265	0.205
75	0.215	0.24	0.255	0.235
76	0.255	0.24	0.21	0.185
77	0.265	0.22	0.25	0.215
78	0.245	0.265	0.27	0.185
79	0.27	0.285	0.27	0.175
8	0.24	0.245	0.29	0.225
80	0.265	0.245	0.245	0.215
81	0.2	0.21	0.355	0.205
82	0.285	0.23	0.275	0.16
83	0.25	0.225	0.255	0.24
84	0.245	0.24	0.3	0.19
85	0.235	0.22	0.28	0.225
86	0.275	0.23	0.255	0.21
87	0.215	0.275	0.245	0.23
88	0.185	0.275	0.3	0.24
89	0.255	0.235	0.255	0.24
9	0.215	0.265	0.22	0.3
90	0.21	0.26	0.23	0.285
91	0.225	0.235	0.265	0.275
92	0.21	0.255	0.285	0.25
93	0.205	0.28	0.235	0.22
94	0.195	0.255	0.255	0.235
95	0.22	0.285	0.255	0.24
96	0.26	0.27	0.225	0.21
97	0.26	0.23	0.235	0.22
98	0.26	0.23	0.235	0.275
99	0.23	0.27	0.255	0.245
>>END_MODULE
>>Per base GC content	pass
#Base	%GC
0	0.5294117647058824
1	0.455
10	0.445
100	0.38
11	0.47
12	0.485
13	0.47
14	0.525
15	0.47
16	0.445
17	0.44
18	0.45
19	0.445
2	0.47
20	0.515
21	0.515
22	0.425
23	0.52
24	0.425
25	0.45
26	0.53
27	0.44
28	0.44
29	0.5
3	0.5
30	0.45
31	0.5
32	0.41
33	0.53
34	0.445
35	0.505
36	0.495
37	0.47
38	0.48
39	0.425
4	0.455
40	0.465
41	0.475
42	0.46
43	0.45
44	0.495
45	0.505
46	0.41
47	0.52
48	0.43
49	0.495
5	0.43
50	0.47
51	0.485
52	0.425
53	0.505
54	0.52
55	0.385
56	0.45
57	0.465
58	0.43
59	0.5257731958762887
6	0.485
60	0.485
61	0.45
62	0.475
63	0.46
64	0.435
65	0.5
66	0.43
67	0.43
68	0.535
69	0.5105263157894737
7	0.52
70	0.505
71	0.47368421052631576
72	0.441025641025641
73	0.5263157894736842
74	0.46629213483146065
75	0.47619047619047616
76	0.4943820224719101
77	0.5052631578947369
78	0.44559585492227977
79	0.445
8	0.465
80	0.4948453608247423
81	0.4175257731958763
82	0.46842105263157896
83	0.5051546391752577
84	0.4461538461538462
85	0.4791666666666667
86	0.5
87	0.46113989637305697
88	0.425
89	0.5025380710659898
9	0.515
90	0.5025380710659898
91	0.5
92	0.46
93	0.4521276595744681
94	0.4574468085106383
95	0.46
96	0.48704663212435234
97	0.5079365079365079
98	0.535
99	0.475
>>END_MODULE
>>Per sequence GC content	pass
#GC Content	Count
16	1
21	1
22	1
25	2
27	2
28	1
29	1
30	4
31	2
32	3
33	4
34	3
35	4
36	4
37	2
38	8
39	6
40	9
41	8
42	1
43	5
44	12
45	11
46	6
47	7
48	7
49	13
50	5
51	4
52	6
53	9
54	5
55	4
56	8
57	7
58	7
59	4
60	3
62	4
63	1
64	1
65	1
66	1
74	1
76	1
>>END_MODULE
>>Per base N content	pass
#Base	N-Count
0	0.065
1	0
10	0
100	0
11	0
12	0
13	0
14	0
15	0
16	0
17	0
18	0
19	0
2	0
20	0
21	0
22	0
23	0
24	0
25	0
26	0
27	0
28	0
29	0
3	0
30	0
31	0
32	0
33	0
34	0
35	0
36	0
37	0
38	0
39	0
4	0
40	0
41	0
42	0
43	0
44	0
45	0
46	0
47	0
48	0
49	0
5	0
50	0
51	0
52	0
53	0
54	0
55	0
56	0
57	0
58	0
59	0.03
6	0
60	0
61	0
62	0
63	0
64	0
65	0
66	0
67	0
68	0
69	0.05
7	0
70	0
71	0.05
72	0.025
73	0.05
74	0.11
75	0.055
76	0.11
77	0.05
78	0.035
79	0
8	0
80	0.03
81	0.03
82	0.05
83	0.03
84	0.025
85	0.04
86	0.03
87	0.035
88	0
89	0.015
9	0
90	0.015
91	0
92	0
93	0.06
94	0.06
95	0
96	0.035
97	0.055
98	0
99	0
>>END_MODULE
>>Sequence Length Distribution	pass
#Length	Count
101	200
>>END_MODULE
>>Overrepresented sequences	pass
>>END_MODULE
>>Kmer Content	pass
>>END_MODULE